67.29287706314713 79.42530880472972 93.47283521487532 66.37470804088912 -47.11831514453995 -97.2862305316859 74.74131262394133 -38.95955142452199 -41.02200330816039 -26.412768325631134 65.31104608517458 -48.75154872992549 -32.07903341316161 14.399603688806621 -17.72691750673762 -44.98527279551205 13.043487232774794 53.87408875380487 30.065532774409434 32.563442821512524
28.233914107102436 78.68608560758202 10.672990384817524 -4.28729603535902 28.22710665448193 29.986542938929517 91.28708533253047 54.16382991656056 75.3551604033197 -52.404784053224304 78.00231277814763 -67.02751611762392 -43.81631084912074 -21.699498155151574 67.49306299348518 -6.120918648471573 45.61772370789737 35.929574060948454 -88.42392817350309 -56.48528881290422
-5.773166420237885 -42.520642794966655 78.80185723235823 37.06999065851417 -74.42904478417161 60.37889755322567 -83.2635564700331 -88.08378701945465 -87.78770376240664 2.981455299498805 96.16610338229506 32.19117782359271 52.2295712387176 94.92018676160859 -48.29946293665144 31.48289132548959 60.68316069974716 -1.1660680192770343 -21.542695159122445 68.58030721430981
91.53052513183343 -97.06155298924809 21.18622243052981 38.36143727756115 74.14908380468088 -59.3574762960319 -10.14341054470718 44.36076502210307 61.79764969442118 -5.816761228557652 -90.71864198837329 34.245126523014534 5.719503232654375 -11.804185964958663 14.175836771799013 63.14113543072125 59.55888636610669 -63.05988585851918 -29.49835628438919 34.94041461079715
-70.1671238164127 41.689531314556405 -7.231047638450278 -15.49818885129055 69.84749970722905 75.7116235949575 20.5443461743958 -3.749459590657949 -68.7704304477295 -28.023975929295688 -37.6854716015951 26.736413289145062 25.10925759228526 -22.186417637773204 49.68669195190296 71.18519252884687 42.09169339767308 62.238195573123306 -62.996695572194604 24.535454641719042
21.956227485786044 -6.30792720017385 -28.455011604587924 -19.95155859176802 -65.0137019946022 9.5626993991647 27.675900474911202 -93.02655754546443 62.63871064964036 -9.057965137474014 96.96479270738351 -64.6688177428905 95.12607116244797 84.96717466166041 -41.235887407127535 82.14085529751605 7.504817262055326 90.58050706021129 -58.953914597936866 49.12606202612585
29.9885896676941 -78.45329180706769 64.19033758556077 -53.355399797719684 84.65936475639953 -72.69095845458516 -59.05874731568615 15.736607927196204 87.54747749145253 -51.054547130791185 -45.24892983101469 26.7204749167564 -97.31646625687229 92.26185929051098 -55.921630733446584 69.16942102500661 99.96128931616616 -2.747999317627986 -1.9105675386314545 -87.28805798236436
-4.609480062032233 66.31031289114122 -86.83098010552933 65.03991167300705 49.50347750910865 -12.131575198048637 40.829336582421774 90.07852034718701 80.57840344635255 49.9893834563872 70.44712419507479 93.25744193344457 -64.78668870221087 58.47500191721085 68.45148852506259 3.196641792071574 -27.257569202084326 -86.33646506165246 86.85693342497754 94.65936639797556
-99.00592887818098 46.669875089566204 49.10300012444392 -17.083046329106068 -88.6864727716298 -67.15052718698598 38.26126368734057 76.74847591629685 -72.23157252133909 66.28738429226942 -49.492507550716766 91.44158909974453 -62.11356903822409 -46.31438418897367 -25.39714794199635 17.920257087720586 10.216472142958281 25.623860716336594 70.95863606518859 21.630364426703295
13.292412658061451 -1.706175289841667 -53.45623156327035 39.785186275826504 91.07501736394002 -26.18331836122863 -63.54365350391864 -56.294903388127594 -18.867593490589798 0.9178199029910274 25.244725959195108 -57.86429625317615 -28.327868929384053 57.8467090081478 -77.26634251581343 18.19963011216001 -74.84067703452666 18.60601302244629 98.79473244556081 88.83470750897976
-53.91970817839522 85.95193617340493 77.67370287739786 4.655736606779229 20.35484971148594 -71.12349318483638 -31.085053543364438 5.1686609215885255 -95.87609432661404 50.23621400271716 16.800758216713646 18.289492998146088 -40.34105320701522 -12.72333499310976 -76.5669507942329 64.7854582963869 -91.73870747282771 -99.0931832948041 43.18208377002102 79.87190849389992
24.485471857677084 39.558578540460076 -88.41680683558009 17.120595709526356 -90.90343396532663 -84.27839600930193 -79.57575603044714 -20.497233424123635 -28.1376605470208 -86.0604194048908 39.131900977768794 -22.74149086131743 -63.38183873519556 -63.109539481544005 -33.84277645071079 97.86855089597708 -41.39869125284312 -49.14574426138225 -19.375389187921883 81.51138436164896
-12.917468486671837 -53.79194522126647 0.12120663232779805 66.1940994395471 -64.8637166201587 -87.91205483014946 -26.64515157057936 -34.198750158156926 -89.66293839354657 -18.092500030395996 3.8438587217499958 -92.28656029107236 -47.94398530852888 66.757048603091 20.426944809504292 2.1420689485288165 -69.54395601644484 -27.14123403436544 -60.47741618109619 69.33050165662388
94.10623941835706 -80.10103632924228 -25.388518603621364 -69.91089372581642 -98.29019044318954 -5.28172706794814 -99.82365862282332 -8.547847298732307 -93.38751776063505 -28.46251956327646 79.23519979121897 66.23670238144732 25.632683690040835 -2.0829086124369383 39.817907819927 87.49616805855521 -90.78343899528376 -22.467320757103337 57.78285636676483 18.288704879452908
-8.630429031658025 88.96385308272764 -67.52258586873103 6.731989723099545 -15.488617353197327 2.751236005562262 82.49402477669435 -27.276869934881006 -90.49815635481669 -82.8022864241616 -94.43467772533486 -52.22769895040802 -53.40063390823724 -55.39087014226314 -7.149180014630275 47.12273113869375 -6.392160385135696 -39.15511075035247 29.160677476031793 -29.743757726881938
45.36643245668955 70.77600959035954 -73.08614326287442 -95.19981619308864 -22.40253244250073 -73.44413062143316 -19.14376024448356 74.9742437559045 -7.13329056947245 -97.98069445605782 -36.45173664407191 24.843643793601558 36.16461362460788 26.960122881496005 56.042578758598324 2.576638136964405 21.89300296389976 -88.94542192125064 62.09731441107792 -3.8188732681141033
16.26611416101528 98.21598501770316 -88.87128402328256 -6.87088075818896 74.75295437875067 -46.923537351934044 66.07333920559 -26.95532365530542 -96.32060388471872 9.421602139017168 72.00475367929957 -36.68876135692505 -85.68979990485784 8.665935276739447 68.19165781745195 38.509924670683205 90.39900376931402 75.83979495285291 62.4982512787185 12.603679008356153
20.859799609457326 3.901329282024463 -69.01583113089404 87.04783280145995 43.63139354394417 26.27097394337102 30.87361793578779 -91.93587978230573 56.12808933731449 -88.05804657019993 -56.685800948575626 -53.22083658917709 -78.80743991237595 -71.83344262838243 71.43641179824195 58.037657379070055 44.92097678735439 -89.63307324749718 -87.84318210353294 36.854580964477435
38.240165071274134 -65.58748558944686 -87.81681964942464 -70.71641172550738 -87.96102935043042 84.72215482787715 77.46296786387705 99.73524562393803 17.220291063090244 -81.16091002248965 -83.58186695239718 80.85695578501753 68.60703282658233 -11.785264047962357 -57.73519429154248 -10.255517714587697 24.57021499606907 -38.986498564122755 -20.667822069701813 17.071148855536308
-59.02405156369053 -53.508032869727295 33.843185742728735 50.86948664412682 -43.669019037066946 22.83022527093604 -33.774067507089995 58.919570789004695 -25.183914579973106 -27.54129284310676 95.07202470638336 89.78143970859077 -1.3157505500717832 -85.75555945389146 -59.21480716919065 -30.85782492737185 29.608915357470778 23.777809935342177 82.81822341148398 -78.14571004415542
30.14955782244178 65.44807962507554 -14.559438623068061 31.175638973720226 26.367365191484396 -38.495332742289044 33.32978786153106 48.96148923499257 10.986991099649671 -66.41780172206764 -77.34858307177706 7.404838502655608 -72.2341583818986 -39.926216066110776 27.580691713952803 -93.2765550878245 9.590107617856106 -62.285499304596655 11.612632008754062 -7.0090332747662245
-48.143791898521094 2.720439120087107 88.13542333262978 95.8020463446185 65.28727368115491 75.71055277544028 73.70758544356255 -5.239733667709288 -12.967336291549671 24.676766761422982 67.62250540315995 -41.13995752637989 59.78642762969932 34.17025734640188 -52.52770249167169 -72.65326521007191 5.577600914921831 31.845963587353197 -86.59834240800062 -62.14199244362146
-13.772393268165729 -36.43359716782724 -97.25143376585382 -86.03031468229368 24.08100583327048 73.26017608115191 67.71824212747254 97.11630018082207 99.91570169082098 10.370212074400115 -52.72904040701487 -40.49787412064889 -43.39051583851396 27.068960077995314 -7.850971642028455 -20.684509187092843 80.01341591761516 -16.748775814379428 -35.90692131764064 -19.77790339415037
88.80448432132675 37.86273910646477 58.5443549494951 87.2061294513102 50.96705668031706 -17.614548005157943 8.951299440558614 -15.33342075175328 11.542266208326481 -69.44451719671316 97.89528502959516 71.06415660165823 21.43065507734343 63.41129842589896 -1.156836330726918 -11.642684740544198 -73.42137442914864 35.64786128131891 74.34555069786617 82.58508561940258
-1.3187535824079788 47.63777765440875 -51.310306348486925 38.296036657181276 4.528593883947934 -9.33708190206363 16.564865916584708 -95.20204126719352 -79.19101860051944 -48.65946738158489 -60.68163022802977 38.30196362080832 -27.326314160278756 20.40472499842096 18.546813825048034 36.88860252779321 -41.390042955583795 68.50344305319709 97.21041897804568 49.74681161243899
-37.1665680239081 37.11922089937559 84.06741600492771 88.74761395352343 31.40890456799258 -82.36715027691652 -26.647388891924464 -26.100270517863052 65.31888167315068 47.655810515017066 -97.70078716300175 -73.19059236786916 -7.853429388362414 5.268832883296355 92.39545879540839 -98.57216658046839 41.96231447531011 -6.647986019811356 20.34409244685233 40.73921335253664
-96.99678163295928 -46.49725596285788 49.21138283842993 -77.95684871600845 57.00394328973181 36.90450417194461 -48.53192502278627 4.368835147525701 5.710547646227809 -39.357736105368765 71.34953914734362 -99.86331717752266 -11.14152588957431 44.23867210403813 -95.35094358878587 -69.37344100981394 47.98231620010088 -48.02670622912768 25.899680157286625 58.97491697146805
-64.64233735359979 97.88279924271117 -26.856365077934385 -75.02705403124561 -47.5127660397193 -52.728533965985804 51.995939371385674 -64.79479543828538 -6.384447345613339 -41.931121254122395 73.34772817633456 52.62746472563771 -28.652269034275932 -14.498896003221518 49.23979531832953 90.33424945478589 -74.39809688484527 -88.83837869955715 13.294996506133103 10.10598767621427
-15.469112422151568 -98.9856000993265 -26.01852593764184 -54.19803536749135 91.01770049299313 -57.47398296441977 55.93611394930576 -99.7513224394867 -54.53398089900128 6.406120488887197 -34.23090654086762 63.0285508211243 -77.7099000782332 -31.731248271408745 -95.30444373390021 -54.10468104085962 58.863888151038424 -17.49403064963755 -72.99768989551005 -68.21913556536984
-43.624310746645946 6.110936648415958 -49.80668794331984 -17.153926490601748 -59.05124492590599 -14.356865435401616 4.6766376176378515 -91.55914996473086 -59.78324725172519 16.84629645408748 -1.293692845650213 74.80801430180557 -37.605822202536075 -67.7708517064479 -11.53614978222673 -16.889870218627806 -45.764266090961534 -47.38817818583636 -54.21413652142802 -71.23871850906971
